2025/08/21-15:51:13.291426 240c RocksDB version: 9.7.3
2025/08/21-15:51:13.291585 240c Git sha 0e2801ac30b3f283c3b14e523ba3667eca024f09
2025/08/21-15:51:13.291641 240c Compile date 2024-10-25 18:33:05
2025/08/21-15:51:13.291694 240c DB SUMMARY
2025/08/21-15:51:13.291729 240c Host name (Env):  DESKTOP-TB77DDT
2025/08/21-15:51:13.291758 240c DB Session ID:  NS1L7AGMO69D0CJPMMQO
2025/08/21-15:51:13.293754 240c CURRENT file:  CURRENT
2025/08/21-15:51:13.293797 240c IDENTITY file:  IDENTITY
2025/08/21-15:51:13.293865 240c MANIFEST file:  MANIFEST-000134 size: 3019 Bytes
2025/08/21-15:51:13.293888 240c SST files in E:\IBFT-Network\networkFiles\node2\database dir, Total Num: 13, files: 000081.sst 000104.sst 000105.sst 000108.sst 000110.sst 000115.sst 000118.sst 000121.sst 000122.sst 
2025/08/21-15:51:13.294448 240c Write Ahead Log file in E:\IBFT-Network\networkFiles\node2\database: 000133.log size: 445 ; 
2025/08/21-15:51:13.294479 240c                         Options.error_if_exists: 0
2025/08/21-15:51:13.294491 240c                       Options.create_if_missing: 1
2025/08/21-15:51:13.294501 240c                         Options.paranoid_checks: 1
2025/08/21-15:51:13.294510 240c             Options.flush_verify_memtable_count: 1
2025/08/21-15:51:13.294520 240c          Options.compaction_verify_record_count: 1
2025/08/21-15:51:13.294532 240c                               Options.track_and_verify_wals_in_manifest: 0
2025/08/21-15:51:13.294542 240c        Options.verify_sst_unique_id_in_manifest: 1
2025/08/21-15:51:13.294552 240c                                     Options.env: 00000221ECBB39D0
2025/08/21-15:51:13.294563 240c                                      Options.fs: WinFS
2025/08/21-15:51:13.294573 240c                                Options.info_log: 00000221ECD20A70
2025/08/21-15:51:13.294583 240c                Options.max_file_opening_threads: 16
2025/08/21-15:51:13.294593 240c                              Options.statistics: 00000221A4544EC0
2025/08/21-15:51:13.294603 240c                              Options.statistics stats level: 3
2025/08/21-15:51:13.294612 240c                               Options.use_fsync: 0
2025/08/21-15:51:13.294626 240c                       Options.max_log_file_size: 0
2025/08/21-15:51:13.294637 240c                  Options.max_manifest_file_size: 1073741824
2025/08/21-15:51:13.294647 240c                   Options.log_file_time_to_roll: 86400
2025/08/21-15:51:13.294656 240c                       Options.keep_log_file_num: 7
2025/08/21-15:51:13.294666 240c                    Options.recycle_log_file_num: 16
2025/08/21-15:51:13.294676 240c                         Options.allow_fallocate: 1
2025/08/21-15:51:13.294685 240c                        Options.allow_mmap_reads: 0
2025/08/21-15:51:13.294695 240c                       Options.allow_mmap_writes: 0
2025/08/21-15:51:13.294704 240c                        Options.use_direct_reads: 0
2025/08/21-15:51:13.294714 240c                        Options.use_direct_io_for_flush_and_compaction: 0
2025/08/21-15:51:13.294724 240c          Options.create_missing_column_families: 1
2025/08/21-15:51:13.294734 240c                              Options.db_log_dir: 
2025/08/21-15:51:13.294743 240c                                 Options.wal_dir: 
2025/08/21-15:51:13.294753 240c                Options.table_cache_numshardbits: 6
2025/08/21-15:51:13.294763 240c                         Options.WAL_ttl_seconds: 0
2025/08/21-15:51:13.294772 240c                       Options.WAL_size_limit_MB: 0
2025/08/21-15:51:13.294782 240c                        Options.max_write_batch_group_size_bytes: 1048576
2025/08/21-15:51:13.294792 240c             Options.manifest_preallocation_size: 4194304
2025/08/21-15:51:13.294802 240c                     Options.is_fd_close_on_exec: 1
2025/08/21-15:51:13.294811 240c                   Options.advise_random_on_open: 1
2025/08/21-15:51:13.294821 240c                    Options.db_write_buffer_size: 0
2025/08/21-15:51:13.294832 240c                    Options.write_buffer_manager: 00000221ECBB5500
2025/08/21-15:51:13.294842 240c           Options.random_access_max_buffer_size: 1048576
2025/08/21-15:51:13.294917 240c                      Options.use_adaptive_mutex: 0
2025/08/21-15:51:13.294938 240c                            Options.rate_limiter: 0000000000000000
2025/08/21-15:51:13.294951 240c     Options.sst_file_manager.rate_bytes_per_sec: 0
2025/08/21-15:51:13.294961 240c                       Options.wal_recovery_mode: 2
2025/08/21-15:51:13.294971 240c                  Options.enable_thread_tracking: 0
2025/08/21-15:51:13.294983 240c                  Options.enable_pipelined_write: 0
2025/08/21-15:51:13.294994 240c                  Options.unordered_write: 0
2025/08/21-15:51:13.295003 240c         Options.allow_concurrent_memtable_write: 1
2025/08/21-15:51:13.295013 240c      Options.enable_write_thread_adaptive_yield: 1
2025/08/21-15:51:13.295024 240c             Options.write_thread_max_yield_usec: 100
2025/08/21-15:51:13.295034 240c            Options.write_thread_slow_yield_usec: 3
2025/08/21-15:51:13.295043 240c                               Options.row_cache: None
2025/08/21-15:51:13.295053 240c                              Options.wal_filter: None
2025/08/21-15:51:13.295063 240c             Options.avoid_flush_during_recovery: 0
2025/08/21-15:51:13.295072 240c             Options.allow_ingest_behind: 0
2025/08/21-15:51:13.295082 240c             Options.two_write_queues: 0
2025/08/21-15:51:13.295091 240c             Options.manual_wal_flush: 0
2025/08/21-15:51:13.295100 240c             Options.wal_compression: 0
2025/08/21-15:51:13.295110 240c             Options.background_close_inactive_wals: 0
2025/08/21-15:51:13.295119 240c             Options.atomic_flush: 0
2025/08/21-15:51:13.295129 240c             Options.avoid_unnecessary_blocking_io: 0
2025/08/21-15:51:13.295138 240c             Options.prefix_seek_opt_in_only: 0
2025/08/21-15:51:13.295148 240c                 Options.persist_stats_to_disk: 0
2025/08/21-15:51:13.295157 240c                 Options.write_dbid_to_manifest: 1
2025/08/21-15:51:13.295167 240c                 Options.write_identity_file: 1
2025/08/21-15:51:13.295177 240c                 Options.log_readahead_size: 0
2025/08/21-15:51:13.295187 240c                 Options.file_checksum_gen_factory: Unknown
2025/08/21-15:51:13.295196 240c                 Options.best_efforts_recovery: 0
2025/08/21-15:51:13.295206 240c                Options.max_bgerror_resume_count: 2147483647
2025/08/21-15:51:13.295266 240c            Options.bgerror_resume_retry_interval: 1000000
2025/08/21-15:51:13.295275 240c             Options.allow_data_in_errors: 0
2025/08/21-15:51:13.295281 240c             Options.db_host_id: __hostname__
2025/08/21-15:51:13.295287 240c             Options.enforce_single_del_contracts: true
2025/08/21-15:51:13.295293 240c             Options.metadata_write_temperature: kUnknown
2025/08/21-15:51:13.295298 240c             Options.wal_write_temperature: kUnknown
2025/08/21-15:51:13.295303 240c             Options.max_background_jobs: 2
2025/08/21-15:51:13.295309 240c             Options.max_background_compactions: -1
2025/08/21-15:51:13.295314 240c             Options.max_subcompactions: 1
2025/08/21-15:51:13.295319 240c             Options.avoid_flush_during_shutdown: 0
2025/08/21-15:51:13.295325 240c           Options.writable_file_max_buffer_size: 1048576
2025/08/21-15:51:13.295330 240c             Options.delayed_write_rate : 16777216
2025/08/21-15:51:13.295336 240c             Options.max_total_wal_size: 1073741824
2025/08/21-15:51:13.295343 240c             Options.delete_obsolete_files_period_micros: 21600000000
2025/08/21-15:51:13.295351 240c                   Options.stats_dump_period_sec: 600
2025/08/21-15:51:13.295356 240c                 Options.stats_persist_period_sec: 600
2025/08/21-15:51:13.295362 240c                 Options.stats_history_buffer_size: 1048576
2025/08/21-15:51:13.295367 240c                          Options.max_open_files: 1024
2025/08/21-15:51:13.295373 240c                          Options.bytes_per_sync: 0
2025/08/21-15:51:13.295378 240c                      Options.wal_bytes_per_sync: 0
2025/08/21-15:51:13.295434 240c                   Options.strict_bytes_per_sync: 0
2025/08/21-15:51:13.295444 240c       Options.compaction_readahead_size: 2097152
2025/08/21-15:51:13.295449 240c                  Options.max_background_flushes: -1
2025/08/21-15:51:13.295455 240c Options.daily_offpeak_time_utc: 
2025/08/21-15:51:13.295471 240c Compression algorithms supported:
2025/08/21-15:51:13.295477 240c 	kZSTD supported: 1
2025/08/21-15:51:13.295483 240c 	kSnappyCompression supported: 1
2025/08/21-15:51:13.295488 240c 	kBZip2Compression supported: 0
2025/08/21-15:51:13.295493 240c 	kZlibCompression supported: 1
2025/08/21-15:51:13.295498 240c 	kLZ4Compression supported: 1
2025/08/21-15:51:13.295504 240c 	kXpressCompression supported: 0
2025/08/21-15:51:13.295509 240c 	kLZ4HCCompression supported: 1
2025/08/21-15:51:13.295514 240c 	kZSTDNotFinalCompression supported: 1
2025/08/21-15:51:13.295520 240c Fast CRC32 supported: Not supported on x86
2025/08/21-15:51:13.295525 240c DMutex implementation: std::mutex
2025/08/21-15:51:13.295530 240c Jemalloc supported: 0
2025/08/21-15:51:13.296478 240c [db\version_set.cc:6068] Recovering from manifest file: E:\IBFT-Network\networkFiles\node2\database/MANIFEST-000134
2025/08/21-15:51:13.296798 240c [db\column_family.cc:629] --------------- Options for column family [default]:
2025/08/21-15:51:13.296817 240c               Options.comparator: leveldb.BytewiseComparator
2025/08/21-15:51:13.296828 240c           Options.merge_operator: None
2025/08/21-15:51:13.296833 240c        Options.compaction_filter: None
2025/08/21-15:51:13.296839 240c        Options.compaction_filter_factory: None
2025/08/21-15:51:13.296844 240c  Options.sst_partitioner_factory: None
2025/08/21-15:51:13.296849 240c         Options.memtable_factory: SkipListFactory
2025/08/21-15:51:13.296854 240c            Options.table_factory: BlockBasedTable
2025/08/21-15:51:13.296892 240c            table_factory options:   flush_block_policy_factory: FlushBlockBySizePolicyFactory (00000221A47F19C0)
  cache_index_and_filter_blocks: 0
  cache_index_and_filter_blocks_with_high_priority: 1
  pin_l0_filter_and_index_blocks_in_cache: 0
  pin_top_level_index_and_filter: 1
  index_type: 0
  data_block_index_type: 0
  index_shortening: 1
  data_block_hash_table_util_ratio: 0.750000
  checksum: 4
  no_block_cache: 0
  block_cache: 00000221EC14DE70
  block_cache_name: LRUCache
  block_cache_options:
    capacity : 134217728
    num_shard_bits : 6
    strict_capacity_limit : 0
    memory_allocator : None
    high_pri_pool_ratio: 0.000
    low_pri_pool_ratio: 0.000
  persistent_cache: 0000000000000000
  block_size: 32768
  block_size_deviation: 10
  block_restart_interval: 16
  index_block_restart_interval: 1
  metadata_block_size: 4096
  partition_filters: 0
  use_delta_encoding: 1
  filter_policy: bloomfilter
  whole_key_filtering: 1
  verify_compression: 0
  read_amp_bytes_per_bit: 0
  format_version: 5
  enable_index_compression: 1
  block_align: 0
  max_auto_readahead_size: 262144
  prepopulate_block_cache: 0
  initial_auto_readahead_size: 8192
  num_file_reads_for_auto_readahead: 2
2025/08/21-15:51:13.296899 240c        Options.write_buffer_size: 67108864
2025/08/21-15:51:13.296904 240c  Options.max_write_buffer_number: 2
2025/08/21-15:51:13.296910 240c          Options.compression: LZ4
2025/08/21-15:51:13.296915 240c                  Options.bottommost_compression: Disabled
2025/08/21-15:51:13.296920 240c       Options.prefix_extractor: nullptr
2025/08/21-15:51:13.296926 240c   Options.memtable_insert_with_hint_prefix_extractor: nullptr
2025/08/21-15:51:13.296931 240c             Options.num_levels: 7
2025/08/21-15:51:13.296936 240c        Options.min_write_buffer_number_to_merge: 1
2025/08/21-15:51:13.296941 240c     Options.max_write_buffer_number_to_maintain: 0
2025/08/21-15:51:13.296946 240c     Options.max_write_buffer_size_to_maintain: 134217728
2025/08/21-15:51:13.296952 240c            Options.bottommost_compression_opts.window_bits: -14
2025/08/21-15:51:13.296958 240c                  Options.bottommost_compression_opts.level: 32767
2025/08/21-15:51:13.296969 240c               Options.bottommost_compression_opts.strategy: 0
2025/08/21-15:51:13.296997 240c         Options.bottommost_compression_opts.max_dict_bytes: 0
2025/08/21-15:51:13.297003 240c         Options.bottommost_compression_opts.zstd_max_train_bytes: 0
2025/08/21-15:51:13.297008 240c         Options.bottommost_compression_opts.parallel_threads: 1
2025/08/21-15:51:13.297014 240c                  Options.bottommost_compression_opts.enabled: false
2025/08/21-15:51:13.297019 240c         Options.bottommost_compression_opts.max_dict_buffer_bytes: 0
2025/08/21-15:51:13.297025 240c         Options.bottommost_compression_opts.use_zstd_dict_trainer: true
2025/08/21-15:51:13.297030 240c            Options.compression_opts.window_bits: -14
2025/08/21-15:51:13.297036 240c                  Options.compression_opts.level: 32767
2025/08/21-15:51:13.297041 240c               Options.compression_opts.strategy: 0
2025/08/21-15:51:13.297046 240c         Options.compression_opts.max_dict_bytes: 0
2025/08/21-15:51:13.297051 240c         Options.compression_opts.zstd_max_train_bytes: 0
2025/08/21-15:51:13.297057 240c         Options.compression_opts.use_zstd_dict_trainer: true
2025/08/21-15:51:13.297062 240c         Options.compression_opts.parallel_threads: 1
2025/08/21-15:51:13.297068 240c                  Options.compression_opts.enabled: false
2025/08/21-15:51:13.297073 240c         Options.compression_opts.max_dict_buffer_bytes: 0
2025/08/21-15:51:13.297078 240c      Options.level0_file_num_compaction_trigger: 4
2025/08/21-15:51:13.297083 240c          Options.level0_slowdown_writes_trigger: 20
2025/08/21-15:51:13.297089 240c              Options.level0_stop_writes_trigger: 36
2025/08/21-15:51:13.297094 240c                   Options.target_file_size_base: 67108864
2025/08/21-15:51:13.297099 240c             Options.target_file_size_multiplier: 1
2025/08/21-15:51:13.297104 240c                Options.max_bytes_for_level_base: 268435456
2025/08/21-15:51:13.297110 240c Options.level_compaction_dynamic_level_bytes: 1
2025/08/21-15:51:13.297117 240c          Options.max_bytes_for_level_multiplier: 10.000000
2025/08/21-15:51:13.297123 240c Options.max_bytes_for_level_multiplier_addtl[0]: 1
2025/08/21-15:51:13.297129 240c Options.max_bytes_for_level_multiplier_addtl[1]: 1
2025/08/21-15:51:13.297134 240c Options.max_bytes_for_level_multiplier_addtl[2]: 1
2025/08/21-15:51:13.297139 240c Options.max_bytes_for_level_multiplier_addtl[3]: 1
2025/08/21-15:51:13.297144 240c Options.max_bytes_for_level_multiplier_addtl[4]: 1
2025/08/21-15:51:13.297152 240c Options.max_bytes_for_level_multiplier_addtl[5]: 1
2025/08/21-15:51:13.297157 240c Options.max_bytes_for_level_multiplier_addtl[6]: 1
2025/08/21-15:51:13.297162 240c       Options.max_sequential_skip_in_iterations: 8
2025/08/21-15:51:13.297168 240c                    Options.max_compaction_bytes: 1677721600
2025/08/21-15:51:13.297173 240c                        Options.arena_block_size: 1048576
2025/08/21-15:51:13.297178 240c   Options.soft_pending_compaction_bytes_limit: 68719476736
2025/08/21-15:51:13.297184 240c   Options.hard_pending_compaction_bytes_limit: 274877906944
2025/08/21-15:51:13.297189 240c                Options.disable_auto_compactions: 0
2025/08/21-15:51:13.297196 240c                        Options.compaction_style: kCompactionStyleLevel
2025/08/21-15:51:13.297202 240c                          Options.compaction_pri: kMinOverlappingRatio
2025/08/21-15:51:13.297208 240c Options.compaction_options_universal.size_ratio: 1
2025/08/21-15:51:13.297214 240c Options.compaction_options_universal.min_merge_width: 2
2025/08/21-15:51:13.297224 240c Options.compaction_options_universal.max_merge_width: 4294967295
2025/08/21-15:51:13.297232 240c Options.compaction_options_universal.max_size_amplification_percent: 200
2025/08/21-15:51:13.297240 240c Options.compaction_options_universal.compression_size_percent: -1
2025/08/21-15:51:13.297248 240c Options.compaction_options_universal.stop_style: kCompactionStopStyleTotalSize
2025/08/21-15:51:13.297256 240c Options.compaction_options_universal.max_read_amp: -1
2025/08/21-15:51:13.297314 240c Options.compaction_options_fifo.max_table_files_size: 1073741824
2025/08/21-15:51:13.297321 240c Options.compaction_options_fifo.allow_compaction: 0
2025/08/21-15:51:13.297330 240c                   Options.table_properties_collectors: 
2025/08/21-15:51:13.297336 240c                   Options.inplace_update_support: 0
2025/08/21-15:51:13.297342 240c                 Options.inplace_update_num_locks: 10000
2025/08/21-15:51:13.297347 240c               Options.memtable_prefix_bloom_size_ratio: 0.000000
2025/08/21-15:51:13.297360 240c               Options.memtable_whole_key_filtering: 0
2025/08/21-15:51:13.297365 240c   Options.memtable_huge_page_size: 0
2025/08/21-15:51:13.297371 240c                           Options.bloom_locality: 0
2025/08/21-15:51:13.297376 240c                    Options.max_successive_merges: 0
2025/08/21-15:51:13.297382 240c             Options.strict_max_successive_merges: 0
2025/08/21-15:51:13.297387 240c                Options.optimize_filters_for_hits: 0
2025/08/21-15:51:13.297392 240c                Options.paranoid_file_checks: 0
2025/08/21-15:51:13.297397 240c                Options.force_consistency_checks: 1
2025/08/21-15:51:13.297403 240c                Options.report_bg_io_stats: 0
2025/08/21-15:51:13.297408 240c                               Options.ttl: 0
2025/08/21-15:51:13.297414 240c          Options.periodic_compaction_seconds: 0
2025/08/21-15:51:13.297420 240c                        Options.default_temperature: kUnknown
2025/08/21-15:51:13.297426 240c  Options.preclude_last_level_data_seconds: 0
2025/08/21-15:51:13.297431 240c    Options.preserve_internal_time_seconds: 0
2025/08/21-15:51:13.297437 240c                       Options.enable_blob_files: false
2025/08/21-15:51:13.297442 240c                           Options.min_blob_size: 0
2025/08/21-15:51:13.297449 240c                          Options.blob_file_size: 268435456
2025/08/21-15:51:13.297455 240c                   Options.blob_compression_type: NoCompression
2025/08/21-15:51:13.297460 240c          Options.enable_blob_garbage_collection: false
2025/08/21-15:51:13.297467 240c      Options.blob_garbage_collection_age_cutoff: 0.250000
2025/08/21-15:51:13.297473 240c Options.blob_garbage_collection_force_threshold: 1.000000
2025/08/21-15:51:13.297479 240c          Options.blob_compaction_readahead_size: 0
2025/08/21-15:51:13.297484 240c                Options.blob_file_starting_level: 0
2025/08/21-15:51:13.297490 240c         Options.experimental_mempurge_threshold: 0.000000
2025/08/21-15:51:13.297495 240c            Options.memtable_max_range_deletions: 0
2025/08/21-15:51:13.297811 240c [db\column_family.cc:629] --------------- Options for column family []:
2025/08/21-15:51:13.297822 240c               Options.comparator: leveldb.BytewiseComparator
2025/08/21-15:51:13.297828 240c           Options.merge_operator: None
2025/08/21-15:51:13.297834 240c        Options.compaction_filter: None
2025/08/21-15:51:13.297839 240c        Options.compaction_filter_factory: None
2025/08/21-15:51:13.297844 240c  Options.sst_partitioner_factory: None
2025/08/21-15:51:13.297850 240c         Options.memtable_factory: SkipListFactory
2025/08/21-15:51:13.297855 240c            Options.table_factory: BlockBasedTable
2025/08/21-15:51:13.297890 240c            table_factory options:   flush_block_policy_factory: FlushBlockBySizePolicyFactory (00000221A47ECD70)
  cache_index_and_filter_blocks: 0
  cache_index_and_filter_blocks_with_high_priority: 1
  pin_l0_filter_and_index_blocks_in_cache: 0
  pin_top_level_index_and_filter: 1
  index_type: 0
  data_block_index_type: 0
  index_shortening: 1
  data_block_hash_table_util_ratio: 0.750000
  checksum: 4
  no_block_cache: 0
  block_cache: 00000221EC14D700
  block_cache_name: LRUCache
  block_cache_options:
    capacity : 134217728
    num_shard_bits : 6
    strict_capacity_limit : 0
    memory_allocator : None
    high_pri_pool_ratio: 0.000
    low_pri_pool_ratio: 0.000
  persistent_cache: 0000000000000000
  block_size: 32768
  block_size_deviation: 10
  block_restart_interval: 16
  index_block_restart_interval: 1
  metadata_block_size: 4096
  partition_filters: 0
  use_delta_encoding: 1
  filter_policy: bloomfilter
  whole_key_filtering: 1
  verify_compression: 0
  read_amp_bytes_per_bit: 0
  format_version: 5
  enable_index_compression: 1
  block_align: 0
  max_auto_readahead_size: 262144
  prepopulate_block_cache: 0
  initial_auto_readahead_size: 8192
  num_file_reads_for_auto_readahead: 2
2025/08/21-15:51:13.297901 240c        Options.write_buffer_size: 67108864
2025/08/21-15:51:13.297908 240c  Options.max_write_buffer_number: 2
2025/08/21-15:51:13.297914 240c          Options.compression: LZ4
2025/08/21-15:51:13.297920 240c                  Options.bottommost_compression: Disabled
2025/08/21-15:51:13.297925 240c       Options.prefix_extractor: nullptr
2025/08/21-15:51:13.297931 240c   Options.memtable_insert_with_hint_prefix_extractor: nullptr
2025/08/21-15:51:13.297936 240c             Options.num_levels: 7
2025/08/21-15:51:13.297941 240c        Options.min_write_buffer_number_to_merge: 1
2025/08/21-15:51:13.297947 240c     Options.max_write_buffer_number_to_maintain: 0
2025/08/21-15:51:13.297952 240c     Options.max_write_buffer_size_to_maintain: 134217728
2025/08/21-15:51:13.297958 240c            Options.bottommost_compression_opts.window_bits: -14
2025/08/21-15:51:13.297964 240c                  Options.bottommost_compression_opts.level: 32767
2025/08/21-15:51:13.297970 240c               Options.bottommost_compression_opts.strategy: 0
2025/08/21-15:51:13.297976 240c         Options.bottommost_compression_opts.max_dict_bytes: 0
2025/08/21-15:51:13.297982 240c         Options.bottommost_compression_opts.zstd_max_train_bytes: 0
2025/08/21-15:51:13.297987 240c         Options.bottommost_compression_opts.parallel_threads: 1
2025/08/21-15:51:13.297993 240c                  Options.bottommost_compression_opts.enabled: false
2025/08/21-15:51:13.297999 240c         Options.bottommost_compression_opts.max_dict_buffer_bytes: 0
2025/08/21-15:51:13.298007 240c         Options.bottommost_compression_opts.use_zstd_dict_trainer: true
2025/08/21-15:51:13.298013 240c            Options.compression_opts.window_bits: -14
2025/08/21-15:51:13.298021 240c                  Options.compression_opts.level: 32767
2025/08/21-15:51:13.298027 240c               Options.compression_opts.strategy: 0
2025/08/21-15:51:13.298032 240c         Options.compression_opts.max_dict_bytes: 0
2025/08/21-15:51:13.298038 240c         Options.compression_opts.zstd_max_train_bytes: 0
2025/08/21-15:51:13.298043 240c         Options.compression_opts.use_zstd_dict_trainer: true
2025/08/21-15:51:13.298049 240c         Options.compression_opts.parallel_threads: 1
2025/08/21-15:51:13.298054 240c                  Options.compression_opts.enabled: false
2025/08/21-15:51:13.298060 240c         Options.compression_opts.max_dict_buffer_bytes: 0
2025/08/21-15:51:13.298066 240c      Options.level0_file_num_compaction_trigger: 4
2025/08/21-15:51:13.298072 240c          Options.level0_slowdown_writes_trigger: 20
2025/08/21-15:51:13.298077 240c              Options.level0_stop_writes_trigger: 36
2025/08/21-15:51:13.298083 240c                   Options.target_file_size_base: 67108864
2025/08/21-15:51:13.298088 240c             Options.target_file_size_multiplier: 1
2025/08/21-15:51:13.298094 240c                Options.max_bytes_for_level_base: 268435456
2025/08/21-15:51:13.298099 240c Options.level_compaction_dynamic_level_bytes: 1
2025/08/21-15:51:13.298106 240c          Options.max_bytes_for_level_multiplier: 10.000000
2025/08/21-15:51:13.298112 240c Options.max_bytes_for_level_multiplier_addtl[0]: 1
2025/08/21-15:51:13.298117 240c Options.max_bytes_for_level_multiplier_addtl[1]: 1
2025/08/21-15:51:13.298123 240c Options.max_bytes_for_level_multiplier_addtl[2]: 1
2025/08/21-15:51:13.298129 240c Options.max_bytes_for_level_multiplier_addtl[3]: 1
2025/08/21-15:51:13.298134 240c Options.max_bytes_for_level_multiplier_addtl[4]: 1
2025/08/21-15:51:13.298140 240c Options.max_bytes_for_level_multiplier_addtl[5]: 1
2025/08/21-15:51:13.298148 240c Options.max_bytes_for_level_multiplier_addtl[6]: 1
2025/08/21-15:51:13.298155 240c       Options.max_sequential_skip_in_iterations: 8
2025/08/21-15:51:13.298160 240c                    Options.max_compaction_bytes: 1677721600
2025/08/21-15:51:13.298168 240c                        Options.arena_block_size: 1048576
2025/08/21-15:51:13.298174 240c   Options.soft_pending_compaction_bytes_limit: 68719476736
2025/08/21-15:51:13.298179 240c   Options.hard_pending_compaction_bytes_limit: 274877906944
2025/08/21-15:51:13.298184 240c                Options.disable_auto_compactions: 0
2025/08/21-15:51:13.298191 240c                        Options.compaction_style: kCompactionStyleLevel
2025/08/21-15:51:13.298197 240c                          Options.compaction_pri: kMinOverlappingRatio
2025/08/21-15:51:13.298203 240c Options.compaction_options_universal.size_ratio: 1
2025/08/21-15:51:13.298208 240c Options.compaction_options_universal.min_merge_width: 2
2025/08/21-15:51:13.298214 240c Options.compaction_options_universal.max_merge_width: 4294967295
2025/08/21-15:51:13.298221 240c Options.compaction_options_universal.max_size_amplification_percent: 200
2025/08/21-15:51:13.298227 240c Options.compaction_options_universal.compression_size_percent: -1
2025/08/21-15:51:13.298233 240c Options.compaction_options_universal.stop_style: kCompactionStopStyleTotalSize
2025/08/21-15:51:13.298239 240c Options.compaction_options_universal.max_read_amp: -1
2025/08/21-15:51:13.298245 240c Options.compaction_options_fifo.max_table_files_size: 1073741824
2025/08/21-15:51:13.298251 240c Options.compaction_options_fifo.allow_compaction: 0
2025/08/21-15:51:13.298259 240c                   Options.table_properties_collectors: 
2025/08/21-15:51:13.298265 240c                   Options.inplace_update_support: 0
2025/08/21-15:51:13.298270 240c                 Options.inplace_update_num_locks: 10000
2025/08/21-15:51:13.298276 240c               Options.memtable_prefix_bloom_size_ratio: 0.000000
2025/08/21-15:51:13.298282 240c               Options.memtable_whole_key_filtering: 0
2025/08/21-15:51:13.298287 240c   Options.memtable_huge_page_size: 0
2025/08/21-15:51:13.298293 240c                           Options.bloom_locality: 0
2025/08/21-15:51:13.298298 240c                    Options.max_successive_merges: 0
2025/08/21-15:51:13.298303 240c             Options.strict_max_successive_merges: 0
2025/08/21-15:51:13.298308 240c                Options.optimize_filters_for_hits: 0
2025/08/21-15:51:13.298313 240c                Options.paranoid_file_checks: 0
2025/08/21-15:51:13.298319 240c                Options.force_consistency_checks: 1
2025/08/21-15:51:13.298324 240c                Options.report_bg_io_stats: 0
2025/08/21-15:51:13.298329 240c                               Options.ttl: 0
2025/08/21-15:51:13.298334 240c          Options.periodic_compaction_seconds: 0
2025/08/21-15:51:13.298340 240c                        Options.default_temperature: kUnknown
2025/08/21-15:51:13.298346 240c  Options.preclude_last_level_data_seconds: 0
2025/08/21-15:51:13.298351 240c    Options.preserve_internal_time_seconds: 0
2025/08/21-15:51:13.298356 240c                       Options.enable_blob_files: true
2025/08/21-15:51:13.298371 240c                           Options.min_blob_size: 100
2025/08/21-15:51:13.298377 240c                          Options.blob_file_size: 268435456
2025/08/21-15:51:13.298383 240c                   Options.blob_compression_type: LZ4
2025/08/21-15:51:13.298388 240c          Options.enable_blob_garbage_collection: false
2025/08/21-15:51:13.298394 240c      Options.blob_garbage_collection_age_cutoff: 0.250000
2025/08/21-15:51:13.298401 240c Options.blob_garbage_collection_force_threshold: 1.000000
2025/08/21-15:51:13.298406 240c          Options.blob_compaction_readahead_size: 0
2025/08/21-15:51:13.298412 240c                Options.blob_file_starting_level: 0
2025/08/21-15:51:13.298418 240c         Options.experimental_mempurge_threshold: 0.000000
2025/08/21-15:51:13.298423 240c            Options.memtable_max_range_deletions: 0
2025/08/21-15:51:13.298548 240c [db\column_family.cc:629] --------------- Options for column family []:
2025/08/21-15:51:13.298558 240c               Options.comparator: leveldb.BytewiseComparator
2025/08/21-15:51:13.298564 240c           Options.merge_operator: None
2025/08/21-15:51:13.298569 240c        Options.compaction_filter: None
2025/08/21-15:51:13.298575 240c        Options.compaction_filter_factory: None
2025/08/21-15:51:13.298580 240c  Options.sst_partitioner_factory: None
2025/08/21-15:51:13.298585 240c         Options.memtable_factory: SkipListFactory
2025/08/21-15:51:13.298590 240c            Options.table_factory: BlockBasedTable
2025/08/21-15:51:13.298619 240c            table_factory options:   flush_block_policy_factory: FlushBlockBySizePolicyFactory (00000221EC701C60)
  cache_index_and_filter_blocks: 0
  cache_index_and_filter_blocks_with_high_priority: 1
  pin_l0_filter_and_index_blocks_in_cache: 0
  pin_top_level_index_and_filter: 1
  index_type: 0
  data_block_index_type: 0
  index_shortening: 1
  data_block_hash_table_util_ratio: 0.750000
  checksum: 4
  no_block_cache: 0
  block_cache: 00000221EC14FA10
  block_cache_name: LRUCache
  block_cache_options:
    capacity : 134217728
    num_shard_bits : 6
    strict_capacity_limit : 0
    memory_allocator : None
    high_pri_pool_ratio: 0.000
    low_pri_pool_ratio: 0.000
  persistent_cache: 0000000000000000
  block_size: 32768
  block_size_deviation: 10
  block_restart_interval: 16
  index_block_restart_interval: 1
  metadata_block_size: 4096
  partition_filters: 0
  use_delta_encoding: 1
  filter_policy: bloomfilter
  whole_key_filtering: 1
  verify_compression: 0
  read_amp_bytes_per_bit: 0
  format_version: 5
  enable_index_compression: 1
  block_align: 0
  max_auto_readahead_size: 262144
  prepopulate_block_cache: 0
  initial_auto_readahead_size: 8192
  num_file_reads_for_auto_readahead: 2
2025/08/21-15:51:13.298626 240c        Options.write_buffer_size: 67108864
2025/08/21-15:51:13.298631 240c  Options.max_write_buffer_number: 2
2025/08/21-15:51:13.298636 240c          Options.compression: LZ4
2025/08/21-15:51:13.298642 240c                  Options.bottommost_compression: Disabled
2025/08/21-15:51:13.298647 240c       Options.prefix_extractor: nullptr
2025/08/21-15:51:13.298652 240c   Options.memtable_insert_with_hint_prefix_extractor: nullptr
2025/08/21-15:51:13.298657 240c             Options.num_levels: 7
2025/08/21-15:51:13.298663 240c        Options.min_write_buffer_number_to_merge: 1
2025/08/21-15:51:13.298668 240c     Options.max_write_buffer_number_to_maintain: 0
2025/08/21-15:51:13.298673 240c     Options.max_write_buffer_size_to_maintain: 134217728
2025/08/21-15:51:13.298679 240c            Options.bottommost_compression_opts.window_bits: -14
2025/08/21-15:51:13.298684 240c                  Options.bottommost_compression_opts.level: 32767
2025/08/21-15:51:13.298689 240c               Options.bottommost_compression_opts.strategy: 0
2025/08/21-15:51:13.298695 240c         Options.bottommost_compression_opts.max_dict_bytes: 0
2025/08/21-15:51:13.298700 240c         Options.bottommost_compression_opts.zstd_max_train_bytes: 0
2025/08/21-15:51:13.298706 240c         Options.bottommost_compression_opts.parallel_threads: 1
2025/08/21-15:51:13.298712 240c                  Options.bottommost_compression_opts.enabled: false
2025/08/21-15:51:13.298717 240c         Options.bottommost_compression_opts.max_dict_buffer_bytes: 0
2025/08/21-15:51:13.298723 240c         Options.bottommost_compression_opts.use_zstd_dict_trainer: true
2025/08/21-15:51:13.298729 240c            Options.compression_opts.window_bits: -14
2025/08/21-15:51:13.298734 240c                  Options.compression_opts.level: 32767
2025/08/21-15:51:13.298739 240c               Options.compression_opts.strategy: 0
2025/08/21-15:51:13.298745 240c         Options.compression_opts.max_dict_bytes: 0
2025/08/21-15:51:13.298750 240c         Options.compression_opts.zstd_max_train_bytes: 0
2025/08/21-15:51:13.298756 240c         Options.compression_opts.use_zstd_dict_trainer: true
2025/08/21-15:51:13.298936 240c         Options.compression_opts.parallel_threads: 1
2025/08/21-15:51:13.298984 240c                  Options.compression_opts.enabled: false
2025/08/21-15:51:13.298999 240c         Options.compression_opts.max_dict_buffer_bytes: 0
2025/08/21-15:51:13.299011 240c      Options.level0_file_num_compaction_trigger: 4
2025/08/21-15:51:13.299021 240c          Options.level0_slowdown_writes_trigger: 20
2025/08/21-15:51:13.299032 240c              Options.level0_stop_writes_trigger: 36
2025/08/21-15:51:13.299043 240c                   Options.target_file_size_base: 67108864
2025/08/21-15:51:13.299053 240c             Options.target_file_size_multiplier: 1
2025/08/21-15:51:13.299064 240c                Options.max_bytes_for_level_base: 268435456
2025/08/21-15:51:13.299075 240c Options.level_compaction_dynamic_level_bytes: 1
2025/08/21-15:51:13.299089 240c          Options.max_bytes_for_level_multiplier: 10.000000
2025/08/21-15:51:13.299101 240c Options.max_bytes_for_level_multiplier_addtl[0]: 1
2025/08/21-15:51:13.299111 240c Options.max_bytes_for_level_multiplier_addtl[1]: 1
2025/08/21-15:51:13.299122 240c Options.max_bytes_for_level_multiplier_addtl[2]: 1
2025/08/21-15:51:13.299132 240c Options.max_bytes_for_level_multiplier_addtl[3]: 1
2025/08/21-15:51:13.299142 240c Options.max_bytes_for_level_multiplier_addtl[4]: 1
2025/08/21-15:51:13.299153 240c Options.max_bytes_for_level_multiplier_addtl[5]: 1
2025/08/21-15:51:13.299163 240c Options.max_bytes_for_level_multiplier_addtl[6]: 1
2025/08/21-15:51:13.299173 240c       Options.max_sequential_skip_in_iterations: 8
2025/08/21-15:51:13.299183 240c                    Options.max_compaction_bytes: 1677721600
2025/08/21-15:51:13.299193 240c                        Options.arena_block_size: 1048576
2025/08/21-15:51:13.299204 240c   Options.soft_pending_compaction_bytes_limit: 68719476736
2025/08/21-15:51:13.299214 240c   Options.hard_pending_compaction_bytes_limit: 274877906944
2025/08/21-15:51:13.299224 240c                Options.disable_auto_compactions: 0
2025/08/21-15:51:13.299241 240c                        Options.compaction_style: kCompactionStyleLevel
2025/08/21-15:51:13.299276 240c                          Options.compaction_pri: kMinOverlappingRatio
2025/08/21-15:51:13.299289 240c Options.compaction_options_universal.size_ratio: 1
2025/08/21-15:51:13.299299 240c Options.compaction_options_universal.min_merge_width: 2
2025/08/21-15:51:13.299309 240c Options.compaction_options_universal.max_merge_width: 4294967295
2025/08/21-15:51:13.299320 240c Options.compaction_options_universal.max_size_amplification_percent: 200
2025/08/21-15:51:13.299331 240c Options.compaction_options_universal.compression_size_percent: -1
2025/08/21-15:51:13.299342 240c Options.compaction_options_universal.stop_style: kCompactionStopStyleTotalSize
2025/08/21-15:51:13.299353 240c Options.compaction_options_universal.max_read_amp: -1
2025/08/21-15:51:13.299364 240c Options.compaction_options_fifo.max_table_files_size: 1073741824
2025/08/21-15:51:13.299374 240c Options.compaction_options_fifo.allow_compaction: 0
2025/08/21-15:51:13.299390 240c                   Options.table_properties_collectors: 
2025/08/21-15:51:13.299400 240c                   Options.inplace_update_support: 0
2025/08/21-15:51:13.299411 240c                 Options.inplace_update_num_locks: 10000
2025/08/21-15:51:13.299422 240c               Options.memtable_prefix_bloom_size_ratio: 0.000000
2025/08/21-15:51:13.299433 240c               Options.memtable_whole_key_filtering: 0
2025/08/21-15:51:13.299444 240c   Options.memtable_huge_page_size: 0
2025/08/21-15:51:13.299454 240c                           Options.bloom_locality: 0
2025/08/21-15:51:13.299464 240c                    Options.max_successive_merges: 0
2025/08/21-15:51:13.299475 240c             Options.strict_max_successive_merges: 0
2025/08/21-15:51:13.299484 240c                Options.optimize_filters_for_hits: 0
2025/08/21-15:51:13.299495 240c                Options.paranoid_file_checks: 0
2025/08/21-15:51:13.299582 240c                Options.force_consistency_checks: 1
2025/08/21-15:51:13.299600 240c                Options.report_bg_io_stats: 0
2025/08/21-15:51:13.299611 240c                               Options.ttl: 0
2025/08/21-15:51:13.299621 240c          Options.periodic_compaction_seconds: 0
2025/08/21-15:51:13.299632 240c                        Options.default_temperature: kUnknown
2025/08/21-15:51:13.299643 240c  Options.preclude_last_level_data_seconds: 0
2025/08/21-15:51:13.299653 240c    Options.preserve_internal_time_seconds: 0
2025/08/21-15:51:13.299663 240c                       Options.enable_blob_files: false
2025/08/21-15:51:13.299674 240c                           Options.min_blob_size: 0
2025/08/21-15:51:13.299684 240c                          Options.blob_file_size: 268435456
2025/08/21-15:51:13.299695 240c                   Options.blob_compression_type: NoCompression
2025/08/21-15:51:13.299706 240c          Options.enable_blob_garbage_collection: false
2025/08/21-15:51:13.299718 240c      Options.blob_garbage_collection_age_cutoff: 0.250000
2025/08/21-15:51:13.299730 240c Options.blob_garbage_collection_force_threshold: 1.000000
2025/08/21-15:51:13.299741 240c          Options.blob_compaction_readahead_size: 0
2025/08/21-15:51:13.299751 240c                Options.blob_file_starting_level: 0
2025/08/21-15:51:13.299762 240c         Options.experimental_mempurge_threshold: 0.000000
2025/08/21-15:51:13.299773 240c            Options.memtable_max_range_deletions: 0
2025/08/21-15:51:13.299949 240c [db\column_family.cc:629] --------------- Options for column family []:
2025/08/21-15:51:13.299973 240c               Options.comparator: leveldb.BytewiseComparator
2025/08/21-15:51:13.299984 240c           Options.merge_operator: None
2025/08/21-15:51:13.299994 240c        Options.compaction_filter: None
2025/08/21-15:51:13.300004 240c        Options.compaction_filter_factory: None
2025/08/21-15:51:13.300014 240c  Options.sst_partitioner_factory: None
2025/08/21-15:51:13.300026 240c         Options.memtable_factory: SkipListFactory
2025/08/21-15:51:13.300036 240c            Options.table_factory: BlockBasedTable
2025/08/21-15:51:13.300083 240c            table_factory options:   flush_block_policy_factory: FlushBlockBySizePolicyFactory (00000221EC705350)
  cache_index_and_filter_blocks: 0
  cache_index_and_filter_blocks_with_high_priority: 1
  pin_l0_filter_and_index_blocks_in_cache: 0
  pin_top_level_index_and_filter: 1
  index_type: 0
  data_block_index_type: 0
  index_shortening: 1
  data_block_hash_table_util_ratio: 0.750000
  checksum: 4
  no_block_cache: 0
  block_cache: 00000221EC14F7F0
  block_cache_name: LRUCache
  block_cache_options:
    capacity : 134217728
    num_shard_bits : 6
    strict_capacity_limit : 0
    memory_allocator : None
    high_pri_pool_ratio: 0.000
    low_pri_pool_ratio: 0.000
  persistent_cache: 0000000000000000
  block_size: 32768
  block_size_deviation: 10
  block_restart_interval: 16
  index_block_restart_interval: 1
  metadata_block_size: 4096
  partition_filters: 0
  use_delta_encoding: 1
