2025/08/21-15:28:36.043857 54fc RocksDB version: 9.7.3
2025/08/21-15:28:36.043942 54fc Git sha 0e2801ac30b3f283c3b14e523ba3667eca024f09
2025/08/21-15:28:36.043962 54fc Compile date 2024-10-25 18:33:05
2025/08/21-15:28:36.043982 54fc DB SUMMARY
2025/08/21-15:28:36.043994 54fc Host name (Env):  DESKTOP-TB77DDT
2025/08/21-15:28:36.044003 54fc DB Session ID:  ZQUWNP49HYGWID22QAOA
2025/08/21-15:28:36.044970 54fc CURRENT file:  CURRENT
2025/08/21-15:28:36.044985 54fc IDENTITY file:  IDENTITY
2025/08/21-15:28:36.045033 54fc MANIFEST file:  MANIFEST-000086 size: 3405 Bytes
2025/08/21-15:28:36.045050 54fc SST files in E:\IBFT-Network\networkFiles\node6\database dir, Total Num: 8, files: 000020.sst 000068.sst 000072.sst 000077.sst 000080.sst 000084.sst 000089.sst 000090.sst 
2025/08/21-15:28:36.045999 54fc Write Ahead Log file in E:\IBFT-Network\networkFiles\node6\database: 000085.log size: 352 ; 
2025/08/21-15:28:36.046013 54fc                         Options.error_if_exists: 0
2025/08/21-15:28:36.046018 54fc                       Options.create_if_missing: 1
2025/08/21-15:28:36.046022 54fc                         Options.paranoid_checks: 1
2025/08/21-15:28:36.046027 54fc             Options.flush_verify_memtable_count: 1
2025/08/21-15:28:36.046031 54fc          Options.compaction_verify_record_count: 1
2025/08/21-15:28:36.046035 54fc                               Options.track_and_verify_wals_in_manifest: 0
2025/08/21-15:28:36.046039 54fc        Options.verify_sst_unique_id_in_manifest: 1
2025/08/21-15:28:36.046044 54fc                                     Options.env: 00000203C2D7D470
2025/08/21-15:28:36.046048 54fc                                      Options.fs: WinFS
2025/08/21-15:28:36.046053 54fc                                Options.info_log: 00000203C2EADA70
2025/08/21-15:28:36.046058 54fc                Options.max_file_opening_threads: 16
2025/08/21-15:28:36.046062 54fc                              Options.statistics: 00000203C36F4230
2025/08/21-15:28:36.046066 54fc                              Options.statistics stats level: 3
2025/08/21-15:28:36.046070 54fc                               Options.use_fsync: 0
2025/08/21-15:28:36.046075 54fc                       Options.max_log_file_size: 0
2025/08/21-15:28:36.046079 54fc                  Options.max_manifest_file_size: 1073741824
2025/08/21-15:28:36.046083 54fc                   Options.log_file_time_to_roll: 86400
2025/08/21-15:28:36.046087 54fc                       Options.keep_log_file_num: 7
2025/08/21-15:28:36.046091 54fc                    Options.recycle_log_file_num: 16
2025/08/21-15:28:36.046096 54fc                         Options.allow_fallocate: 1
2025/08/21-15:28:36.046100 54fc                        Options.allow_mmap_reads: 0
2025/08/21-15:28:36.046104 54fc                       Options.allow_mmap_writes: 0
2025/08/21-15:28:36.046108 54fc                        Options.use_direct_reads: 0
2025/08/21-15:28:36.046112 54fc                        Options.use_direct_io_for_flush_and_compaction: 0
2025/08/21-15:28:36.046116 54fc          Options.create_missing_column_families: 1
2025/08/21-15:28:36.046120 54fc                              Options.db_log_dir: 
2025/08/21-15:28:36.046124 54fc                                 Options.wal_dir: 
2025/08/21-15:28:36.046128 54fc                Options.table_cache_numshardbits: 6
2025/08/21-15:28:36.046133 54fc                         Options.WAL_ttl_seconds: 0
2025/08/21-15:28:36.046137 54fc                       Options.WAL_size_limit_MB: 0
2025/08/21-15:28:36.046141 54fc                        Options.max_write_batch_group_size_bytes: 1048576
2025/08/21-15:28:36.046145 54fc             Options.manifest_preallocation_size: 4194304
2025/08/21-15:28:36.046149 54fc                     Options.is_fd_close_on_exec: 1
2025/08/21-15:28:36.046154 54fc                   Options.advise_random_on_open: 1
2025/08/21-15:28:36.046158 54fc                    Options.db_write_buffer_size: 0
2025/08/21-15:28:36.046162 54fc                    Options.write_buffer_manager: 00000203C2D7E550
2025/08/21-15:28:36.046166 54fc           Options.random_access_max_buffer_size: 1048576
2025/08/21-15:28:36.046207 54fc                      Options.use_adaptive_mutex: 0
2025/08/21-15:28:36.046214 54fc                            Options.rate_limiter: 0000000000000000
2025/08/21-15:28:36.046219 54fc     Options.sst_file_manager.rate_bytes_per_sec: 0
2025/08/21-15:28:36.046224 54fc                       Options.wal_recovery_mode: 2
2025/08/21-15:28:36.046228 54fc                  Options.enable_thread_tracking: 0
2025/08/21-15:28:36.046231 54fc                  Options.enable_pipelined_write: 0
2025/08/21-15:28:36.046235 54fc                  Options.unordered_write: 0
2025/08/21-15:28:36.046239 54fc         Options.allow_concurrent_memtable_write: 1
2025/08/21-15:28:36.046243 54fc      Options.enable_write_thread_adaptive_yield: 1
2025/08/21-15:28:36.046247 54fc             Options.write_thread_max_yield_usec: 100
2025/08/21-15:28:36.046251 54fc            Options.write_thread_slow_yield_usec: 3
2025/08/21-15:28:36.046256 54fc                               Options.row_cache: None
2025/08/21-15:28:36.046260 54fc                              Options.wal_filter: None
2025/08/21-15:28:36.046264 54fc             Options.avoid_flush_during_recovery: 0
2025/08/21-15:28:36.046268 54fc             Options.allow_ingest_behind: 0
2025/08/21-15:28:36.046271 54fc             Options.two_write_queues: 0
2025/08/21-15:28:36.046275 54fc             Options.manual_wal_flush: 0
2025/08/21-15:28:36.046279 54fc             Options.wal_compression: 0
2025/08/21-15:28:36.046283 54fc             Options.background_close_inactive_wals: 0
2025/08/21-15:28:36.046287 54fc             Options.atomic_flush: 0
2025/08/21-15:28:36.046291 54fc             Options.avoid_unnecessary_blocking_io: 0
2025/08/21-15:28:36.046295 54fc             Options.prefix_seek_opt_in_only: 0
2025/08/21-15:28:36.046298 54fc                 Options.persist_stats_to_disk: 0
2025/08/21-15:28:36.046302 54fc                 Options.write_dbid_to_manifest: 1
2025/08/21-15:28:36.046306 54fc                 Options.write_identity_file: 1
2025/08/21-15:28:36.046310 54fc                 Options.log_readahead_size: 0
2025/08/21-15:28:36.046315 54fc                 Options.file_checksum_gen_factory: Unknown
2025/08/21-15:28:36.046318 54fc                 Options.best_efforts_recovery: 0
2025/08/21-15:28:36.046322 54fc                Options.max_bgerror_resume_count: 2147483647
2025/08/21-15:28:36.046326 54fc            Options.bgerror_resume_retry_interval: 1000000
2025/08/21-15:28:36.046330 54fc             Options.allow_data_in_errors: 0
2025/08/21-15:28:36.046334 54fc             Options.db_host_id: __hostname__
2025/08/21-15:28:36.046338 54fc             Options.enforce_single_del_contracts: true
2025/08/21-15:28:36.046343 54fc             Options.metadata_write_temperature: kUnknown
2025/08/21-15:28:36.046347 54fc             Options.wal_write_temperature: kUnknown
2025/08/21-15:28:36.046351 54fc             Options.max_background_jobs: 2
2025/08/21-15:28:36.046355 54fc             Options.max_background_compactions: -1
2025/08/21-15:28:36.046359 54fc             Options.max_subcompactions: 1
2025/08/21-15:28:36.046487 54fc             Options.avoid_flush_during_shutdown: 0
2025/08/21-15:28:36.046493 54fc           Options.writable_file_max_buffer_size: 1048576
2025/08/21-15:28:36.046497 54fc             Options.delayed_write_rate : 16777216
2025/08/21-15:28:36.046501 54fc             Options.max_total_wal_size: 1073741824
2025/08/21-15:28:36.046505 54fc             Options.delete_obsolete_files_period_micros: 21600000000
2025/08/21-15:28:36.046509 54fc                   Options.stats_dump_period_sec: 600
2025/08/21-15:28:36.046514 54fc                 Options.stats_persist_period_sec: 600
2025/08/21-15:28:36.046518 54fc                 Options.stats_history_buffer_size: 1048576
2025/08/21-15:28:36.046522 54fc                          Options.max_open_files: 1024
2025/08/21-15:28:36.046526 54fc                          Options.bytes_per_sync: 0
2025/08/21-15:28:36.046530 54fc                      Options.wal_bytes_per_sync: 0
2025/08/21-15:28:36.046560 54fc                   Options.strict_bytes_per_sync: 0
2025/08/21-15:28:36.046565 54fc       Options.compaction_readahead_size: 2097152
2025/08/21-15:28:36.046569 54fc                  Options.max_background_flushes: -1
2025/08/21-15:28:36.046573 54fc Options.daily_offpeak_time_utc: 
2025/08/21-15:28:36.046585 54fc Compression algorithms supported:
2025/08/21-15:28:36.046590 54fc 	kZSTD supported: 1
2025/08/21-15:28:36.046594 54fc 	kSnappyCompression supported: 1
2025/08/21-15:28:36.046598 54fc 	kBZip2Compression supported: 0
2025/08/21-15:28:36.046602 54fc 	kZlibCompression supported: 1
2025/08/21-15:28:36.046605 54fc 	kLZ4Compression supported: 1
2025/08/21-15:28:36.046609 54fc 	kXpressCompression supported: 0
2025/08/21-15:28:36.046613 54fc 	kLZ4HCCompression supported: 1
2025/08/21-15:28:36.046617 54fc 	kZSTDNotFinalCompression supported: 1
2025/08/21-15:28:36.046622 54fc Fast CRC32 supported: Not supported on x86
2025/08/21-15:28:36.046626 54fc DMutex implementation: std::mutex
2025/08/21-15:28:36.046629 54fc Jemalloc supported: 0
2025/08/21-15:28:36.047509 54fc [db\version_set.cc:6068] Recovering from manifest file: E:\IBFT-Network\networkFiles\node6\database/MANIFEST-000086
2025/08/21-15:28:36.047761 54fc [db\column_family.cc:629] --------------- Options for column family [default]:
2025/08/21-15:28:36.047775 54fc               Options.comparator: leveldb.BytewiseComparator
2025/08/21-15:28:36.047784 54fc           Options.merge_operator: None
2025/08/21-15:28:36.047788 54fc        Options.compaction_filter: None
2025/08/21-15:28:36.047792 54fc        Options.compaction_filter_factory: None
2025/08/21-15:28:36.047796 54fc  Options.sst_partitioner_factory: None
2025/08/21-15:28:36.047800 54fc         Options.memtable_factory: SkipListFactory
2025/08/21-15:28:36.047803 54fc            Options.table_factory: BlockBasedTable
2025/08/21-15:28:36.047840 54fc            table_factory options:   flush_block_policy_factory: FlushBlockBySizePolicyFactory (00000203C4A4C400)
  cache_index_and_filter_blocks: 0
  cache_index_and_filter_blocks_with_high_priority: 1
  pin_l0_filter_and_index_blocks_in_cache: 0
  pin_top_level_index_and_filter: 1
  index_type: 0
  data_block_index_type: 0
  index_shortening: 1
  data_block_hash_table_util_ratio: 0.750000
  checksum: 4
  no_block_cache: 0
  block_cache: 00000203FF214FB0
  block_cache_name: LRUCache
  block_cache_options:
    capacity : 134217728
    num_shard_bits : 6
    strict_capacity_limit : 0
    memory_allocator : None
    high_pri_pool_ratio: 0.000
    low_pri_pool_ratio: 0.000
  persistent_cache: 0000000000000000
  block_size: 32768
  block_size_deviation: 10
  block_restart_interval: 16
  index_block_restart_interval: 1
  metadata_block_size: 4096
  partition_filters: 0
  use_delta_encoding: 1
  filter_policy: bloomfilter
  whole_key_filtering: 1
  verify_compression: 0
  read_amp_bytes_per_bit: 0
  format_version: 5
  enable_index_compression: 1
  block_align: 0
  max_auto_readahead_size: 262144
  prepopulate_block_cache: 0
  initial_auto_readahead_size: 8192
  num_file_reads_for_auto_readahead: 2
2025/08/21-15:28:36.047845 54fc        Options.write_buffer_size: 67108864
2025/08/21-15:28:36.047849 54fc  Options.max_write_buffer_number: 2
2025/08/21-15:28:36.047853 54fc          Options.compression: LZ4
2025/08/21-15:28:36.047857 54fc                  Options.bottommost_compression: Disabled
2025/08/21-15:28:36.047861 54fc       Options.prefix_extractor: nullptr
2025/08/21-15:28:36.047865 54fc   Options.memtable_insert_with_hint_prefix_extractor: nullptr
2025/08/21-15:28:36.047869 54fc             Options.num_levels: 7
2025/08/21-15:28:36.047873 54fc        Options.min_write_buffer_number_to_merge: 1
2025/08/21-15:28:36.047876 54fc     Options.max_write_buffer_number_to_maintain: 0
2025/08/21-15:28:36.047880 54fc     Options.max_write_buffer_size_to_maintain: 134217728
2025/08/21-15:28:36.047885 54fc            Options.bottommost_compression_opts.window_bits: -14
2025/08/21-15:28:36.047889 54fc                  Options.bottommost_compression_opts.level: 32767
2025/08/21-15:28:36.047896 54fc               Options.bottommost_compression_opts.strategy: 0
2025/08/21-15:28:36.047902 54fc         Options.bottommost_compression_opts.max_dict_bytes: 0
2025/08/21-15:28:36.047906 54fc         Options.bottommost_compression_opts.zstd_max_train_bytes: 0
2025/08/21-15:28:36.047911 54fc         Options.bottommost_compression_opts.parallel_threads: 1
2025/08/21-15:28:36.047915 54fc                  Options.bottommost_compression_opts.enabled: false
2025/08/21-15:28:36.047919 54fc         Options.bottommost_compression_opts.max_dict_buffer_bytes: 0
2025/08/21-15:28:36.047923 54fc         Options.bottommost_compression_opts.use_zstd_dict_trainer: true
2025/08/21-15:28:36.047927 54fc            Options.compression_opts.window_bits: -14
2025/08/21-15:28:36.047931 54fc                  Options.compression_opts.level: 32767
2025/08/21-15:28:36.047935 54fc               Options.compression_opts.strategy: 0
2025/08/21-15:28:36.047938 54fc         Options.compression_opts.max_dict_bytes: 0
2025/08/21-15:28:36.047942 54fc         Options.compression_opts.zstd_max_train_bytes: 0
2025/08/21-15:28:36.047946 54fc         Options.compression_opts.use_zstd_dict_trainer: true
2025/08/21-15:28:36.047950 54fc         Options.compression_opts.parallel_threads: 1
2025/08/21-15:28:36.047955 54fc                  Options.compression_opts.enabled: false
2025/08/21-15:28:36.047959 54fc         Options.compression_opts.max_dict_buffer_bytes: 0
2025/08/21-15:28:36.047963 54fc      Options.level0_file_num_compaction_trigger: 4
2025/08/21-15:28:36.047967 54fc          Options.level0_slowdown_writes_trigger: 20
2025/08/21-15:28:36.047970 54fc              Options.level0_stop_writes_trigger: 36
2025/08/21-15:28:36.047974 54fc                   Options.target_file_size_base: 67108864
2025/08/21-15:28:36.047978 54fc             Options.target_file_size_multiplier: 1
2025/08/21-15:28:36.047982 54fc                Options.max_bytes_for_level_base: 268435456
2025/08/21-15:28:36.047986 54fc Options.level_compaction_dynamic_level_bytes: 1
2025/08/21-15:28:36.047991 54fc          Options.max_bytes_for_level_multiplier: 10.000000
2025/08/21-15:28:36.047995 54fc Options.max_bytes_for_level_multiplier_addtl[0]: 1
2025/08/21-15:28:36.047999 54fc Options.max_bytes_for_level_multiplier_addtl[1]: 1
2025/08/21-15:28:36.048003 54fc Options.max_bytes_for_level_multiplier_addtl[2]: 1
2025/08/21-15:28:36.048007 54fc Options.max_bytes_for_level_multiplier_addtl[3]: 1
2025/08/21-15:28:36.048012 54fc Options.max_bytes_for_level_multiplier_addtl[4]: 1
2025/08/21-15:28:36.048016 54fc Options.max_bytes_for_level_multiplier_addtl[5]: 1
2025/08/21-15:28:36.048020 54fc Options.max_bytes_for_level_multiplier_addtl[6]: 1
2025/08/21-15:28:36.048024 54fc       Options.max_sequential_skip_in_iterations: 8
2025/08/21-15:28:36.048028 54fc                    Options.max_compaction_bytes: 1677721600
2025/08/21-15:28:36.048032 54fc                        Options.arena_block_size: 1048576
2025/08/21-15:28:36.048036 54fc   Options.soft_pending_compaction_bytes_limit: 68719476736
2025/08/21-15:28:36.048040 54fc   Options.hard_pending_compaction_bytes_limit: 274877906944
2025/08/21-15:28:36.048044 54fc                Options.disable_auto_compactions: 0
2025/08/21-15:28:36.048049 54fc                        Options.compaction_style: kCompactionStyleLevel
2025/08/21-15:28:36.048054 54fc                          Options.compaction_pri: kMinOverlappingRatio
2025/08/21-15:28:36.048058 54fc Options.compaction_options_universal.size_ratio: 1
2025/08/21-15:28:36.048062 54fc Options.compaction_options_universal.min_merge_width: 2
2025/08/21-15:28:36.048066 54fc Options.compaction_options_universal.max_merge_width: 4294967295
2025/08/21-15:28:36.048071 54fc Options.compaction_options_universal.max_size_amplification_percent: 200
2025/08/21-15:28:36.048075 54fc Options.compaction_options_universal.compression_size_percent: -1
2025/08/21-15:28:36.048079 54fc Options.compaction_options_universal.stop_style: kCompactionStopStyleTotalSize
2025/08/21-15:28:36.048083 54fc Options.compaction_options_universal.max_read_amp: -1
2025/08/21-15:28:36.048122 54fc Options.compaction_options_fifo.max_table_files_size: 1073741824
2025/08/21-15:28:36.048127 54fc Options.compaction_options_fifo.allow_compaction: 0
2025/08/21-15:28:36.048133 54fc                   Options.table_properties_collectors: 
2025/08/21-15:28:36.048137 54fc                   Options.inplace_update_support: 0
2025/08/21-15:28:36.048141 54fc                 Options.inplace_update_num_locks: 10000
2025/08/21-15:28:36.048145 54fc               Options.memtable_prefix_bloom_size_ratio: 0.000000
2025/08/21-15:28:36.048153 54fc               Options.memtable_whole_key_filtering: 0
2025/08/21-15:28:36.048157 54fc   Options.memtable_huge_page_size: 0
2025/08/21-15:28:36.048161 54fc                           Options.bloom_locality: 0
2025/08/21-15:28:36.048165 54fc                    Options.max_successive_merges: 0
2025/08/21-15:28:36.048169 54fc             Options.strict_max_successive_merges: 0
2025/08/21-15:28:36.048172 54fc                Options.optimize_filters_for_hits: 0
2025/08/21-15:28:36.048176 54fc                Options.paranoid_file_checks: 0
2025/08/21-15:28:36.048180 54fc                Options.force_consistency_checks: 1
2025/08/21-15:28:36.048184 54fc                Options.report_bg_io_stats: 0
2025/08/21-15:28:36.048188 54fc                               Options.ttl: 0
2025/08/21-15:28:36.048192 54fc          Options.periodic_compaction_seconds: 0
2025/08/21-15:28:36.048196 54fc                        Options.default_temperature: kUnknown
2025/08/21-15:28:36.048200 54fc  Options.preclude_last_level_data_seconds: 0
2025/08/21-15:28:36.048204 54fc    Options.preserve_internal_time_seconds: 0
2025/08/21-15:28:36.048208 54fc                       Options.enable_blob_files: false
2025/08/21-15:28:36.048212 54fc                           Options.min_blob_size: 0
2025/08/21-15:28:36.048216 54fc                          Options.blob_file_size: 268435456
2025/08/21-15:28:36.048220 54fc                   Options.blob_compression_type: NoCompression
2025/08/21-15:28:36.048224 54fc          Options.enable_blob_garbage_collection: false
2025/08/21-15:28:36.048229 54fc      Options.blob_garbage_collection_age_cutoff: 0.250000
2025/08/21-15:28:36.048234 54fc Options.blob_garbage_collection_force_threshold: 1.000000
2025/08/21-15:28:36.048238 54fc          Options.blob_compaction_readahead_size: 0
2025/08/21-15:28:36.048241 54fc                Options.blob_file_starting_level: 0
2025/08/21-15:28:36.048245 54fc         Options.experimental_mempurge_threshold: 0.000000
2025/08/21-15:28:36.048249 54fc            Options.memtable_max_range_deletions: 0
2025/08/21-15:28:36.048529 54fc [db\column_family.cc:629] --------------- Options for column family []:
2025/08/21-15:28:36.048536 54fc               Options.comparator: leveldb.BytewiseComparator
2025/08/21-15:28:36.048540 54fc           Options.merge_operator: None
2025/08/21-15:28:36.048544 54fc        Options.compaction_filter: None
2025/08/21-15:28:36.048548 54fc        Options.compaction_filter_factory: None
2025/08/21-15:28:36.048552 54fc  Options.sst_partitioner_factory: None
2025/08/21-15:28:36.048556 54fc         Options.memtable_factory: SkipListFactory
2025/08/21-15:28:36.048560 54fc            Options.table_factory: BlockBasedTable
2025/08/21-15:28:36.048587 54fc            table_factory options:   flush_block_policy_factory: FlushBlockBySizePolicyFactory (00000203C3E02860)
  cache_index_and_filter_blocks: 0
  cache_index_and_filter_blocks_with_high_priority: 1
  pin_l0_filter_and_index_blocks_in_cache: 0
  pin_top_level_index_and_filter: 1
  index_type: 0
  data_block_index_type: 0
  index_shortening: 1
  data_block_hash_table_util_ratio: 0.750000
  checksum: 4
  no_block_cache: 0
  block_cache: 00000203C2EEAC10
  block_cache_name: LRUCache
  block_cache_options:
    capacity : 134217728
    num_shard_bits : 6
    strict_capacity_limit : 0
    memory_allocator : None
    high_pri_pool_ratio: 0.000
    low_pri_pool_ratio: 0.000
  persistent_cache: 0000000000000000
  block_size: 32768
  block_size_deviation: 10
  block_restart_interval: 16
  index_block_restart_interval: 1
  metadata_block_size: 4096
  partition_filters: 0
  use_delta_encoding: 1
  filter_policy: bloomfilter
  whole_key_filtering: 1
  verify_compression: 0
  read_amp_bytes_per_bit: 0
  format_version: 5
  enable_index_compression: 1
  block_align: 0
  max_auto_readahead_size: 262144
  prepopulate_block_cache: 0
  initial_auto_readahead_size: 8192
  num_file_reads_for_auto_readahead: 2
2025/08/21-15:28:36.048594 54fc        Options.write_buffer_size: 67108864
2025/08/21-15:28:36.048599 54fc  Options.max_write_buffer_number: 2
2025/08/21-15:28:36.048603 54fc          Options.compression: LZ4
2025/08/21-15:28:36.048607 54fc                  Options.bottommost_compression: Disabled
2025/08/21-15:28:36.048611 54fc       Options.prefix_extractor: nullptr
2025/08/21-15:28:36.048615 54fc   Options.memtable_insert_with_hint_prefix_extractor: nullptr
2025/08/21-15:28:36.048619 54fc             Options.num_levels: 7
2025/08/21-15:28:36.048623 54fc        Options.min_write_buffer_number_to_merge: 1
2025/08/21-15:28:36.048627 54fc     Options.max_write_buffer_number_to_maintain: 0
2025/08/21-15:28:36.048631 54fc     Options.max_write_buffer_size_to_maintain: 134217728
2025/08/21-15:28:36.048635 54fc            Options.bottommost_compression_opts.window_bits: -14
2025/08/21-15:28:36.048639 54fc                  Options.bottommost_compression_opts.level: 32767
2025/08/21-15:28:36.048643 54fc               Options.bottommost_compression_opts.strategy: 0
2025/08/21-15:28:36.048647 54fc         Options.bottommost_compression_opts.max_dict_bytes: 0
2025/08/21-15:28:36.048651 54fc         Options.bottommost_compression_opts.zstd_max_train_bytes: 0
2025/08/21-15:28:36.048655 54fc         Options.bottommost_compression_opts.parallel_threads: 1
2025/08/21-15:28:36.048659 54fc                  Options.bottommost_compression_opts.enabled: false
2025/08/21-15:28:36.048663 54fc         Options.bottommost_compression_opts.max_dict_buffer_bytes: 0
2025/08/21-15:28:36.048667 54fc         Options.bottommost_compression_opts.use_zstd_dict_trainer: true
2025/08/21-15:28:36.048671 54fc            Options.compression_opts.window_bits: -14
2025/08/21-15:28:36.048675 54fc                  Options.compression_opts.level: 32767
2025/08/21-15:28:36.048679 54fc               Options.compression_opts.strategy: 0
2025/08/21-15:28:36.048684 54fc         Options.compression_opts.max_dict_bytes: 0
2025/08/21-15:28:36.048688 54fc         Options.compression_opts.zstd_max_train_bytes: 0
2025/08/21-15:28:36.048692 54fc         Options.compression_opts.use_zstd_dict_trainer: true
2025/08/21-15:28:36.048696 54fc         Options.compression_opts.parallel_threads: 1
2025/08/21-15:28:36.048700 54fc                  Options.compression_opts.enabled: false
2025/08/21-15:28:36.048704 54fc         Options.compression_opts.max_dict_buffer_bytes: 0
2025/08/21-15:28:36.048708 54fc      Options.level0_file_num_compaction_trigger: 4
2025/08/21-15:28:36.048712 54fc          Options.level0_slowdown_writes_trigger: 20
2025/08/21-15:28:36.048716 54fc              Options.level0_stop_writes_trigger: 36
2025/08/21-15:28:36.048720 54fc                   Options.target_file_size_base: 67108864
2025/08/21-15:28:36.048724 54fc             Options.target_file_size_multiplier: 1
2025/08/21-15:28:36.048728 54fc                Options.max_bytes_for_level_base: 268435456
2025/08/21-15:28:36.048732 54fc Options.level_compaction_dynamic_level_bytes: 1
2025/08/21-15:28:36.048736 54fc          Options.max_bytes_for_level_multiplier: 10.000000
2025/08/21-15:28:36.048740 54fc Options.max_bytes_for_level_multiplier_addtl[0]: 1
2025/08/21-15:28:36.048745 54fc Options.max_bytes_for_level_multiplier_addtl[1]: 1
2025/08/21-15:28:36.048749 54fc Options.max_bytes_for_level_multiplier_addtl[2]: 1
2025/08/21-15:28:36.048753 54fc Options.max_bytes_for_level_multiplier_addtl[3]: 1
2025/08/21-15:28:36.048757 54fc Options.max_bytes_for_level_multiplier_addtl[4]: 1
2025/08/21-15:28:36.048761 54fc Options.max_bytes_for_level_multiplier_addtl[5]: 1
2025/08/21-15:28:36.048767 54fc Options.max_bytes_for_level_multiplier_addtl[6]: 1
2025/08/21-15:28:36.048771 54fc       Options.max_sequential_skip_in_iterations: 8
2025/08/21-15:28:36.048775 54fc                    Options.max_compaction_bytes: 1677721600
2025/08/21-15:28:36.048779 54fc                        Options.arena_block_size: 1048576
2025/08/21-15:28:36.048783 54fc   Options.soft_pending_compaction_bytes_limit: 68719476736
2025/08/21-15:28:36.048788 54fc   Options.hard_pending_compaction_bytes_limit: 274877906944
2025/08/21-15:28:36.048791 54fc                Options.disable_auto_compactions: 0
2025/08/21-15:28:36.048796 54fc                        Options.compaction_style: kCompactionStyleLevel
2025/08/21-15:28:36.048801 54fc                          Options.compaction_pri: kMinOverlappingRatio
2025/08/21-15:28:36.048805 54fc Options.compaction_options_universal.size_ratio: 1
2025/08/21-15:28:36.048809 54fc Options.compaction_options_universal.min_merge_width: 2
2025/08/21-15:28:36.048813 54fc Options.compaction_options_universal.max_merge_width: 4294967295
2025/08/21-15:28:36.048817 54fc Options.compaction_options_universal.max_size_amplification_percent: 200
2025/08/21-15:28:36.048821 54fc Options.compaction_options_universal.compression_size_percent: -1
2025/08/21-15:28:36.048826 54fc Options.compaction_options_universal.stop_style: kCompactionStopStyleTotalSize
2025/08/21-15:28:36.048830 54fc Options.compaction_options_universal.max_read_amp: -1
2025/08/21-15:28:36.048834 54fc Options.compaction_options_fifo.max_table_files_size: 1073741824
2025/08/21-15:28:36.048838 54fc Options.compaction_options_fifo.allow_compaction: 0
2025/08/21-15:28:36.048843 54fc                   Options.table_properties_collectors: 
2025/08/21-15:28:36.048847 54fc                   Options.inplace_update_support: 0
2025/08/21-15:28:36.048851 54fc                 Options.inplace_update_num_locks: 10000
2025/08/21-15:28:36.048855 54fc               Options.memtable_prefix_bloom_size_ratio: 0.000000
2025/08/21-15:28:36.048859 54fc               Options.memtable_whole_key_filtering: 0
2025/08/21-15:28:36.048863 54fc   Options.memtable_huge_page_size: 0
2025/08/21-15:28:36.048867 54fc                           Options.bloom_locality: 0
2025/08/21-15:28:36.048871 54fc                    Options.max_successive_merges: 0
2025/08/21-15:28:36.048875 54fc             Options.strict_max_successive_merges: 0
2025/08/21-15:28:36.048878 54fc                Options.optimize_filters_for_hits: 0
2025/08/21-15:28:36.048882 54fc                Options.paranoid_file_checks: 0
2025/08/21-15:28:36.048886 54fc                Options.force_consistency_checks: 1
2025/08/21-15:28:36.048890 54fc                Options.report_bg_io_stats: 0
2025/08/21-15:28:36.048893 54fc                               Options.ttl: 0
2025/08/21-15:28:36.048897 54fc          Options.periodic_compaction_seconds: 0
2025/08/21-15:28:36.048901 54fc                        Options.default_temperature: kUnknown
2025/08/21-15:28:36.048905 54fc  Options.preclude_last_level_data_seconds: 0
2025/08/21-15:28:36.048909 54fc    Options.preserve_internal_time_seconds: 0
2025/08/21-15:28:36.048913 54fc                       Options.enable_blob_files: true
2025/08/21-15:28:36.048917 54fc                           Options.min_blob_size: 100
2025/08/21-15:28:36.048921 54fc                          Options.blob_file_size: 268435456
2025/08/21-15:28:36.048925 54fc                   Options.blob_compression_type: LZ4
2025/08/21-15:28:36.048929 54fc          Options.enable_blob_garbage_collection: false
2025/08/21-15:28:36.048933 54fc      Options.blob_garbage_collection_age_cutoff: 0.250000
2025/08/21-15:28:36.048938 54fc Options.blob_garbage_collection_force_threshold: 1.000000
2025/08/21-15:28:36.048942 54fc          Options.blob_compaction_readahead_size: 0
2025/08/21-15:28:36.048946 54fc                Options.blob_file_starting_level: 0
2025/08/21-15:28:36.048950 54fc         Options.experimental_mempurge_threshold: 0.000000
2025/08/21-15:28:36.048954 54fc            Options.memtable_max_range_deletions: 0
2025/08/21-15:28:36.049031 54fc [db\column_family.cc:629] --------------- Options for column family []:
2025/08/21-15:28:36.049036 54fc               Options.comparator: leveldb.BytewiseComparator
2025/08/21-15:28:36.049040 54fc           Options.merge_operator: None
2025/08/21-15:28:36.049045 54fc        Options.compaction_filter: None
2025/08/21-15:28:36.049048 54fc        Options.compaction_filter_factory: None
2025/08/21-15:28:36.049052 54fc  Options.sst_partitioner_factory: None
2025/08/21-15:28:36.049056 54fc         Options.memtable_factory: SkipListFactory
2025/08/21-15:28:36.049060 54fc            Options.table_factory: BlockBasedTable
2025/08/21-15:28:36.049085 54fc            table_factory options:   flush_block_policy_factory: FlushBlockBySizePolicyFactory (00000203C3E0EE90)
  cache_index_and_filter_blocks: 0
  cache_index_and_filter_blocks_with_high_priority: 1
  pin_l0_filter_and_index_blocks_in_cache: 0
  pin_top_level_index_and_filter: 1
  index_type: 0
  data_block_index_type: 0
  index_shortening: 1
  data_block_hash_table_util_ratio: 0.750000
  checksum: 4
  no_block_cache: 0
  block_cache: 00000203C2EEB5A0
  block_cache_name: LRUCache
  block_cache_options:
    capacity : 134217728
    num_shard_bits : 6
    strict_capacity_limit : 0
    memory_allocator : None
    high_pri_pool_ratio: 0.000
    low_pri_pool_ratio: 0.000
  persistent_cache: 0000000000000000
  block_size: 32768
  block_size_deviation: 10
  block_restart_interval: 16
  index_block_restart_interval: 1
  metadata_block_size: 4096
  partition_filters: 0
  use_delta_encoding: 1
  filter_policy: bloomfilter
  whole_key_filtering: 1
  verify_compression: 0
  read_amp_bytes_per_bit: 0
  format_version: 5
  enable_index_compression: 1
  block_align: 0
  max_auto_readahead_size: 262144
  prepopulate_block_cache: 0
  initial_auto_readahead_size: 8192
  num_file_reads_for_auto_readahead: 2
2025/08/21-15:28:36.049089 54fc        Options.write_buffer_size: 67108864
2025/08/21-15:28:36.049093 54fc  Options.max_write_buffer_number: 2
2025/08/21-15:28:36.049097 54fc          Options.compression: LZ4
2025/08/21-15:28:36.049101 54fc                  Options.bottommost_compression: Disabled
2025/08/21-15:28:36.049105 54fc       Options.prefix_extractor: nullptr
2025/08/21-15:28:36.049108 54fc   Options.memtable_insert_with_hint_prefix_extractor: nullptr
2025/08/21-15:28:36.049112 54fc             Options.num_levels: 7
2025/08/21-15:28:36.049116 54fc        Options.min_write_buffer_number_to_merge: 1
2025/08/21-15:28:36.049120 54fc     Options.max_write_buffer_number_to_maintain: 0
2025/08/21-15:28:36.049124 54fc     Options.max_write_buffer_size_to_maintain: 134217728
2025/08/21-15:28:36.049128 54fc            Options.bottommost_compression_opts.window_bits: -14
2025/08/21-15:28:36.049132 54fc                  Options.bottommost_compression_opts.level: 32767
2025/08/21-15:28:36.049136 54fc               Options.bottommost_compression_opts.strategy: 0
2025/08/21-15:28:36.049140 54fc         Options.bottommost_compression_opts.max_dict_bytes: 0
2025/08/21-15:28:36.049144 54fc         Options.bottommost_compression_opts.zstd_max_train_bytes: 0
2025/08/21-15:28:36.049148 54fc         Options.bottommost_compression_opts.parallel_threads: 1
2025/08/21-15:28:36.049152 54fc                  Options.bottommost_compression_opts.enabled: false
2025/08/21-15:28:36.049156 54fc         Options.bottommost_compression_opts.max_dict_buffer_bytes: 0
2025/08/21-15:28:36.049160 54fc         Options.bottommost_compression_opts.use_zstd_dict_trainer: true
2025/08/21-15:28:36.049164 54fc            Options.compression_opts.window_bits: -14
2025/08/21-15:28:36.049168 54fc                  Options.compression_opts.level: 32767
2025/08/21-15:28:36.049172 54fc               Options.compression_opts.strategy: 0
2025/08/21-15:28:36.049176 54fc         Options.compression_opts.max_dict_bytes: 0
2025/08/21-15:28:36.049180 54fc         Options.compression_opts.zstd_max_train_bytes: 0
2025/08/21-15:28:36.049183 54fc         Options.compression_opts.use_zstd_dict_trainer: true
2025/08/21-15:28:36.049213 54fc         Options.compression_opts.parallel_threads: 1
2025/08/21-15:28:36.049219 54fc                  Options.compression_opts.enabled: false
2025/08/21-15:28:36.049222 54fc         Options.compression_opts.max_dict_buffer_bytes: 0
2025/08/21-15:28:36.049227 54fc      Options.level0_file_num_compaction_trigger: 4
2025/08/21-15:28:36.049231 54fc          Options.level0_slowdown_writes_trigger: 20
2025/08/21-15:28:36.049235 54fc              Options.level0_stop_writes_trigger: 36
2025/08/21-15:28:36.049239 54fc                   Options.target_file_size_base: 67108864
2025/08/21-15:28:36.049243 54fc             Options.target_file_size_multiplier: 1
2025/08/21-15:28:36.049247 54fc                Options.max_bytes_for_level_base: 268435456
2025/08/21-15:28:36.049251 54fc Options.level_compaction_dynamic_level_bytes: 1
2025/08/21-15:28:36.049255 54fc          Options.max_bytes_for_level_multiplier: 10.000000
2025/08/21-15:28:36.049259 54fc Options.max_bytes_for_level_multiplier_addtl[0]: 1
2025/08/21-15:28:36.049263 54fc Options.max_bytes_for_level_multiplier_addtl[1]: 1
2025/08/21-15:28:36.049267 54fc Options.max_bytes_for_level_multiplier_addtl[2]: 1
2025/08/21-15:28:36.049271 54fc Options.max_bytes_for_level_multiplier_addtl[3]: 1
2025/08/21-15:28:36.049275 54fc Options.max_bytes_for_level_multiplier_addtl[4]: 1
2025/08/21-15:28:36.049279 54fc Options.max_bytes_for_level_multiplier_addtl[5]: 1
2025/08/21-15:28:36.049283 54fc Options.max_bytes_for_level_multiplier_addtl[6]: 1
2025/08/21-15:28:36.049288 54fc       Options.max_sequential_skip_in_iterations: 8
2025/08/21-15:28:36.049292 54fc                    Options.max_compaction_bytes: 1677721600
2025/08/21-15:28:36.049296 54fc                        Options.arena_block_size: 1048576
2025/08/21-15:28:36.049300 54fc   Options.soft_pending_compaction_bytes_limit: 68719476736
2025/08/21-15:28:36.049304 54fc   Options.hard_pending_compaction_bytes_limit: 274877906944
2025/08/21-15:28:36.049308 54fc                Options.disable_auto_compactions: 0
2025/08/21-15:28:36.049312 54fc                        Options.compaction_style: kCompactionStyleLevel
2025/08/21-15:28:36.049316 54fc                          Options.compaction_pri: kMinOverlappingRatio
2025/08/21-15:28:36.049320 54fc Options.compaction_options_universal.size_ratio: 1
2025/08/21-15:28:36.049324 54fc Options.compaction_options_universal.min_merge_width: 2
2025/08/21-15:28:36.049328 54fc Options.compaction_options_universal.max_merge_width: 4294967295
2025/08/21-15:28:36.049332 54fc Options.compaction_options_universal.max_size_amplification_percent: 200
2025/08/21-15:28:36.049336 54fc Options.compaction_options_universal.compression_size_percent: -1
2025/08/21-15:28:36.049340 54fc Options.compaction_options_universal.stop_style: kCompactionStopStyleTotalSize
2025/08/21-15:28:36.049344 54fc Options.compaction_options_universal.max_read_amp: -1
2025/08/21-15:28:36.049348 54fc Options.compaction_options_fifo.max_table_files_size: 1073741824
2025/08/21-15:28:36.049352 54fc Options.compaction_options_fifo.allow_compaction: 0
2025/08/21-15:28:36.049357 54fc                   Options.table_properties_collectors: 
2025/08/21-15:28:36.049361 54fc                   Options.inplace_update_support: 0
2025/08/21-15:28:36.049365 54fc                 Options.inplace_update_num_locks: 10000
2025/08/21-15:28:36.049369 54fc               Options.memtable_prefix_bloom_size_ratio: 0.000000
2025/08/21-15:28:36.049373 54fc               Options.memtable_whole_key_filtering: 0
2025/08/21-15:28:36.049377 54fc   Options.memtable_huge_page_size: 0
2025/08/21-15:28:36.049381 54fc                           Options.bloom_locality: 0
2025/08/21-15:28:36.049385 54fc                    Options.max_successive_merges: 0
2025/08/21-15:28:36.049388 54fc             Options.strict_max_successive_merges: 0
2025/08/21-15:28:36.049393 54fc                Options.optimize_filters_for_hits: 0
2025/08/21-15:28:36.049396 54fc                Options.paranoid_file_checks: 0
2025/08/21-15:28:36.049400 54fc                Options.force_consistency_checks: 1
2025/08/21-15:28:36.049422 54fc                Options.report_bg_io_stats: 0
2025/08/21-15:28:36.049427 54fc                               Options.ttl: 0
2025/08/21-15:28:36.049431 54fc          Options.periodic_compaction_seconds: 0
2025/08/21-15:28:36.049435 54fc                        Options.default_temperature: kUnknown
2025/08/21-15:28:36.049439 54fc  Options.preclude_last_level_data_seconds: 0
2025/08/21-15:28:36.049443 54fc    Options.preserve_internal_time_seconds: 0
2025/08/21-15:28:36.049447 54fc                       Options.enable_blob_files: false
2025/08/21-15:28:36.049451 54fc                           Options.min_blob_size: 0
2025/08/21-15:28:36.049455 54fc                          Options.blob_file_size: 268435456
2025/08/21-15:28:36.049459 54fc                   Options.blob_compression_type: NoCompression
2025/08/21-15:28:36.049463 54fc          Options.enable_blob_garbage_collection: false
2025/08/21-15:28:36.049467 54fc      Options.blob_garbage_collection_age_cutoff: 0.250000
2025/08/21-15:28:36.049471 54fc Options.blob_garbage_collection_force_threshold: 1.000000
2025/08/21-15:28:36.049475 54fc          Options.blob_compaction_readahead_size: 0
2025/08/21-15:28:36.049479 54fc                Options.blob_file_starting_level: 0
2025/08/21-15:28:36.049483 54fc         Options.experimental_mempurge_threshold: 0.000000
2025/08/21-15:28:36.049487 54fc            Options.memtable_max_range_deletions: 0
2025/08/21-15:28:36.049532 54fc [db\column_family.cc:629] --------------- Options for column family []:
2025/08/21-15:28:36.049536 54fc               Options.comparator: leveldb.BytewiseComparator
2025/08/21-15:28:36.049540 54fc           Options.merge_operator: None
2025/08/21-15:28:36.049544 54fc        Options.compaction_filter: None
2025/08/21-15:28:36.049548 54fc        Options.compaction_filter_factory: None
2025/08/21-15:28:36.049552 54fc  Options.sst_partitioner_factory: None
2025/08/21-15:28:36.049556 54fc         Options.memtable_factory: SkipListFactory
2025/08/21-15:28:36.049560 54fc            Options.table_factory: BlockBasedTable
2025/08/21-15:28:36.049582 54fc            table_factory options:   flush_block_policy_factory: FlushBlockBySizePolicyFactory (00000203C4A49F10)
  cache_index_and_filter_blocks: 0
  cache_index_and_filter_blocks_with_high_priority: 1
  pin_l0_filter_and_index_blocks_in_cache: 0
  pin_top_level_index_and_filter: 1
  index_type: 0
  data_block_index_type: 0
  index_shortening: 1
  data_block_hash_table_util_ratio: 0.750000
  checksum: 4
  no_block_cache: 0
  block_cache: 00000203C2EEB9E0
  block_cache_name: LRUCache
  block_cache_options:
    capacity : 134217728
    num_shard_bits : 6
    strict_capacity_limit : 0
    memory_allocator : None
    high_pri_pool_ratio: 0.000
    low_pri_pool_ratio: 0.000
  persistent_cache: 0000000000000000
  block_size: 32768
  block_size_deviation: 10
  block_restart_interval: 16
  index_block_restart_interval: 1
  metadata_block_size: 4096
  partition_filters: 0
  use_delta_encoding: 1
  filter_policy: bloomfilter
